userCont: 8
User(i) User(j) Count
     0      2   121
     0      3    79
     0      5    70
     0      7    71
     1      0    92
     1      2    82
     1      3    72
     1      4   115
     1      5    66
     1      6   140
     1      7    22
     2      0   121
     2      1    82
     2      4    76
     2      6    36
     3      1    72
     3      2    90
     3      4   131
     3      5    77
     4      0    92
     4      1   115
     4      2    76
     4      3   131
     4      5    71
     5      0    70
     5      2    46
     5      3    77
     5      4    71
     6      1   140
     7      0    71
     7      3    67
     7      5    13
     7      6    26
